583
310180869 157775494 987829535
11227887 9350083 14720657
18705537 40741864 172949817
45523360 92834384 162054588
600881298 437696142 748011756
527155851 475523467 528882913
314361008 934572325 982412025
75732030 197165656 209553783
179503958 106770266 224043822
19393384 251289345 270781083
271591893 149635995 490676231
80524452 36485752 138700143
227429768 461055696 632423225
196091162 268719410 435029292
667568159 516358516 902088002
372895749 30981739 714718279
122487715 273378478 336742066
199956855 461048362 551747290
22044713 6903218 43672557
245882721 201007588 253251300
136773626 2954858 297833674
601818696 605887433 894171800
320726580 491981704 502232898
313175183 212272116 315957507
290881696 24029047 775108661
523739818 540582539 822509364
55511281 33356004 62981935
80743220 233374735 848234858
88899961 170200912 230971388
320226842 186066492 445873179
9141252 4933077 12162778
700481172 700882536 709703603
182987183 513707400 790343855
17655676 60304451 265653645
71380294 375544 136244221
80676247 717556595 925327435
248669518 25399266 652826021
27924427 102896663 342129911
489379247 664077748 691831345
259976315 323707296 477812697
12962686 335911157 403546746
408860935 168677880 418775857
3606303 18118232 33013571
644538147 737669842 983843685
362684569 506077014 923341233
176593996 559075797 941521546
269929573 66570275 903930776
412844116 328900289 679993734
400757618 213971155 508315308
151183629 21922575 673262301
600824820 112226765 659350452
97938652 215983539 303652184
122188200 197950588 233827105
33578405 61687059 133213861
49736163 435136191 654711585
25351563 4423597 36613009
43319002 35632144 225878546
659668566 629940145 910985662
536764658 38875572 559029149
248423841 483815069 571362711
12117055 176817864 392981276
200269994 181489609 423744234
270317264 227214332 337489701
7163344 26877386 63858553
330407372 164441276 923166290
32895368 222297129 236072382
116962009 7105610 679763680
24265118 658385 67336465
24716808 33396768 34912084
308245928 219564732 335639577
185202509 429649078 683878247
421729148 803759650 963304707
104275963 81119260 235951757
36452370 235567410 250444142
42537240 52528906 57765707
192714357 235841326 727514195
514117199 484969720 577381759
104146537 323229093 414598774
583887338 276739325 928196640
117895152 563487017 752407004
78441202 61843968 184557577
270821596 174222194 275693080
510802795 97677043 683999671
3836188 6000238 75690633
62389222 229335207 252920317
495360533 760248437 811344102
511117194 447174401 544726359
341528715 195225884 854028433
670097396 215976361 774856222
768665 345327 2061717
127159399 154849515 160090883
485603526 99233737 872956322
283594731 385874505 828608604
220355595 423150577 813990436
367338965 219637651 474516479
98932498 203978836 550410943
80848463 662947966 681525206
163967740 50364082 321343702
44088095 71628764 88312702
44214297 192437683 775576960
185256647 102652114 201227979
18562963 25147306 61281434
262007449 159802439 268671682
56074354 77872792 408803712
700509839 774913845 829946083
529838932 394723214 856044342
3987499 253756592 511770678
6280587 25918128 227651337
720947701 707042323 897255190
144977982 109232061 262566532
3136958 306915520 520313672
441619661 47625361 589687149
133076634 330206736 339783146
141056197 289002336 324436512
187571965 232818806 451054954
244865339 857730259 996097534
9268186 19595616 20133477
193762205 95255350 799394896
114956849 46242531 136883296
364251416 373137937 653238817
113034258 11265064 147403324
404745976 36070898 999433979
65730960 102736570 391885830
17637831 2637356 26591999
38675260 107083221 135549811
497271933 783824151 972213024
167379847 87879355 200679226
201055541 116953813 375463378
373755840 287457382 875555630
103623243 85500889 115308574
212398226 13147302 586044906
227941393 112228288 279202541
160027995 13177903 932854355
150454850 464082742 542479322
323282771 258029626 566021329
301717404 438176660 532728192
50785636 221207140 400005412
654661117 133977526 660319497
75290990 21884790 99203909
661789331 409125855 669788036
657343074 458755363 703097660
132873124 341184587 906856818
465634057 131957041 537549990
514308 28850072 68554588
16898933 333856903 381062631
118298206 74652206 227586275
86842271 116857462 904476469
1947706 24749099 59840610
620373454 660952051 744878385
493105903 273083798 653245370
54948621 38095636 125000727
188122252 69560245 198993780
123062710 266985862 285347504
51457284 121125172 166613875
154494073 171138717 445452932
50050313 82225017 101108569
60637731 109566619 590452846
127272595 206605853 989348637
785376238 857094428 906685737
181584043 241448270 277473624
412613653 50692080 829171910
346247564 202163468 370141537
134978385 147844082 311511263
646079270 604837874 924581840
82138050 24109527 154736490
4268594 6189584 38553927
28904843 79709540 115465912
263967559 207127456 763627247
15325424 722617271 788547692
484478140 340528847 585776410
182478801 62805352 207318521
697919819 793041291 811646459
178211831 486513100 959709757
111389708 339279594 371978735
38409923 286796476 917288877
187892905 80408483 536360014
566481908 459334262 694142724
23150994 35999903 632797319
311156081 550132754 581260954
38913095 385378537 386568502
202663966 42790750 326471253
176275224 60890377 494760236
281928989 160540207 504744349
47699948 268047473 268394862
315487942 144618039 487136705
6511452 102628228 193851269
125704331 264439 158756721
198819407 157965136 467546682
342764443 777807155 970381208
357825989 355902794 595508270
501352472 614549291 755204249
350272226 188326782 405447622
110045429 102695146 265847016
91674447 337085492 426824129
290136481 71195514 326569843
162475581 208631109 365365708
21185919 14363731 23310150
86235628 84150809 433859426
178533980 345103262 880152632
104091379 98451568 109776160
259442946 223220807 340203175
419988336 76956489 747464428
3775 8198 13396
760093819 380582421 989957937
544732625 261630538 610340002
185498111 225141915 320727619
409292778 614144612 709855466
942515017 413313193 999065792
639615 1293464 1811535
412213445 329151392 617548307
64046974 139940281 351936158
32720175 304787750 395870723
818531521 557629772 922143630
299660988 428865584 542747554
600891107 258464624 868514403
33476101 51282770 56500976
260163205 332597572 641685644
130078227 160055151 199534505
191473274 116963981 553504415
200141608 202482312 267838510
506608443 39686745 644694294
697563317 574235496 947916949
491154243 509766085 636128768
26460135 53588669 54784583
331146519 91792468 850198126
37316885 85332101 107527215
15152348 17133350 18239066
719271393 653049287 732131099
181141846 302366051 879665061
264740457 497084868 600570753
161291704 496048447 700894288
251765047 84220235 410414782
10341858 67101998 309614803
116690516 502137926 680705878
573162792 465244240 749741030
68772497 49368360 99444906
216358317 83689897 321294447
348304991 218732967 404667287
454894509 547342052 897651145
657576752 544993573 873484460
37675687 7365537 408610974
231784201 233281628 962165988
1617213 433712212 897752038
277528300 259247337 329487625
406433153 302156538 549345783
288416991 163558510 370375245
153517685 131659794 153694472
616829806 692224504 829725382
525084490 491396930 731470710
8525435 18426198 69037970
723195822 634609168 949041182
4064902 389054740 661579890
203309138 54197947 386880455
172440606 282545477 638725792
429637002 192268066 478096859
444685054 660498021 700818517
172280788 348915449 491365626
221552397 495376657 596810671
174527570 147462835 846054827
280405877 573671046 998305674
555532662 422644876 585992521
373907425 47272529 435258029
544303358 743466229 774153401
79941889 326068648 367336309
105945969 129951751 401830355
3812969 2917514 3835677
27594228 189535189 208033807
299525053 102446394 337483792
407120359 414157978 485802147
202071776 428107227 682041059
55727631 52762880 109434293
647312004 319467666 732405648
120889958 200941979 305058250
514945897 405341295 572714829
60597112 26404497 105394090
181296972 338920726 587597143
4972126 1850462 77195863
104266718 110039347 128622074
408124340 219860679 586448185
20585713 10037871 21783795
96731342 184275537 714674064
45639759 138424584 266288306
83105239 496501993 851006140
38534806 42254842 45840114
54914223 441604999 527945098
112008660 372016068 413110901
32176903 13673281 57293609
197181587 27513109 292820153
15958899 33153399 189965757
59065814 13128404 156180402
314147087 307224771 719759550
499618508 728080444 949908031
767152136 208406940 966230516
427721006 257518534 842380995
366613232 570281316 789866507
663386955 680099866 682745703
219055682 153572563 407115759
529048190 386325855 747857889
19212354 38712292 44697152
150622078 338233803 506915493
356652324 439492476 754026560
478658541 542719787 717482875
722465938 621157504 742412006
317254653 51641028 692212101
311658769 294420642 560946289
144237219 163065569 554486533
200353481 282085434 595715502
235270976 176160309 481046376
9684441 5464803 17512748
112982740 803237876 903900886
828671429 859471752 986696236
61026455 224212707 357006197
67088221 32112978 157022553
62392914 14056590 78121539
7295985 22651684 34762513
295999666 124913336 982938282
46185482 253123488 418778263
71201991 474282997 544664459
42740506 74853699 147484240
283885424 106741126 458569226
40936898 9632087 58824721
86972533 207236117 299026722
425225392 681339301 682479095
438975135 175570209 959094222
431326440 529124349 689432699
9896790 33489213 37317287
227319118 397491164 578490125
8588782 121157153 171445227
90170300 199172930 400636053
24972332 60060744 99684897
326314561 83742033 814765786
250213547 245854312 737344218
85180355 156570948 256063231
116011093 813770585 920059232
113136444 59808045 174905289
21220011 613532830 893094389
271292169 247834125 564745637
113355420 181016832 373079463
440632589 356976095 787282571
174685825 109485539 290541464
565462132 102185302 828319959
23012889 241890197 247319385
177549546 528224287 762473869
230381134 371637586 383556393
866055781 794265770 991072028
563400781 107013526 769667120
187023255 215819007 306058072
89271480 581802424 627080677
442870914 347515312 667173098
20253829 23934060 24092560
143601319 387528077 767553014
111181046 58788086 140016312
646406337 332992441 861104706
26019578 23095409 514256170
11619716 58650796 71740096
62545344 61246067 937137476
1431819 2176906 18056448
393312918 155799984 467129289
81834418 23138633 142256791
116853766 374193447 761080377
147571731 20565638 265865010
203864902 240058354 363367916
58155709 60738576 156655352
224115055 85420539 319939900
313538964 553184804 890872370
595174760 50801986 601045613
311099 415303 1134489
168070401 4008381 552695422
542584014 738372743 869334222
17599434 622986439 939169852
14776413 299273167 426792468
79386166 107802597 630722693
830735719 747222118 917324773
3416123 1792648 3570469
554605117 635459304 748733595
891982472 255368408 960257039
67901745 226847847 509385344
2118288 11592256 51457190
150235965 54695217 157898158
270275401 57677160 517968340
259667375 843191121 890387037
221361456 449492616 462129247
37078386 35183377 666087025
28828692 53047601 132422154
138305510 189581313 846577071
374984876 167247761 457373424
11568269 7113123 28401826
13353260 101046026 138476976
243908180 466661443 640431963
70462771 523999311 817470325
318602275 269285454 563773830
556449608 505822293 583174704
9763601 7436796 15754276
175567292 8025445 353727810
373707370 247857949 456647080
16276930 1156541 104101979
119391520 280752051 337718724
543251427 127411826 930180644
251635013 653437150 830727634
837680295 153759365 892794480
74684468 29394932 116193685
345798771 488808220 756144635
240872423 762831730 956128861
514949084 65740674 798375463
542475426 468498104 828696478
74798170 90881489 447964956
143049534 230707113 723912520
287061230 276768744 604931303
13184469 26318148 27610385
339685720 99866926 363974965
334421451 453654090 873280737
340187103 484726249 960161453
116267011 313702138 377160459
173593080 96932765 277616734
176705818 96675208 306795905
368723312 363338146 469697519
263573113 11388911 307494121
57549124 103147574 499684090
47156421 633074747 650640779
600682763 148467527 617744407
89538680 15240664 115109964
169578459 37523436 892229232
294246951 302348630 407603842
88264910 56741228 283517000
145231979 82915729 504570553
422532187 273280202 764565723
65101073 591359413 976106980
334922272 112065282 351465889
23071670 109080791 240014662
137507082 38377109 343409427
19109205 556795080 866482838
57629577 40634524 81335197
28120257 171794043 675644622
527470313 770733168 804495705
99631807 290336315 357775518
841046220 687412947 928028415
1369106 4405464 14575217
169508165 119531179 339066993
621719126 267789410 654613776
422045665 671471310 726150111
108027064 187564342 213162717
487704653 162762866 493230057
28730928 7665805 49299321
88184471 75958629 167692057
85228245 373663565 420711260
814596344 35639570 858312043
155462016 324730720 856128325
210466372 478615083 792289433
411231826 396061083 806265651
22321588 223372291 331438366
257080205 300614976 745761275
50129835 82528092 771183811
275510742 68977887 310314903
129918963 95710603 231267852
205349132 946318 442425010
11758084 363451 37501221
457402693 251724718 506289791
331424 226411 452263
615414484 102596827 914340052
45035731 230064751 401116488
507693290 503638828 664758726
305947469 150147906 490307447
478880761 276107144 566228656
113416428 475449117 559121173
249190388 168071281 983004701
42046115 20297961 51804986
400468794 29963586 726853794
449063598 306981795 555779721
80843316 54664318 96281119
409876619 12746662 446375356
60977252 626658540 739300589
19722445 29466037 41233188
538081573 473761404 924680125
217580227 118645504 465913913
83896074 228039516 435379816
21495361 344610723 712534189
444102888 135591450 476563850
279340972 43143390 307354094
524707354 486627903 901863477
725922378 487312718 834831803
136179 413898490 553912566
169672245 199180778 960376958
46549017 42863555 57598408
19465514 305078028 594954289
100673108 359743671 445374618
15095211 68840728 93829588
151138301 216421999 232956653
48435804 550183708 593104130
272983075 709733057 863145547
387840028 692428839 782691539
85350064 96459944 96961293
157184087 414040838 659345541
632473122 110185254 645008274
383965362 879133549 937677064
866714509 40228916 986647526
41259260 10418011 47667399
295446138 471751448 573215807
288294298 123875157 530064568
176210995 129199472 182174170
21333311 80468895 124960591
45805125 742754114 952323036
204818827 98968058 288613820
408310087 206778092 842336800
459410385 482043317 870243448
22547341 22025049 258272112
77410477 538880839 956481877
63137900 23598458 70570596
408573970 369586353 561285061
261452451 99954002 339937011
113254196 87185889 119203571
353451282 321346152 816136151
543427181 165140543 880121553
55045165 35370868 103179975
525698045 329166786 551589855
381589175 563355613 846062995
57400196 426727421 894096827
312475205 705626567 755025969
501877199 416329856 637468002
126297208 86489567 219123632
48376971 320995085 743422031
67953186 49815069 138494217
186693771 82453915 234694317
71774670 160123539 198101334
122317963 3987279 540042119
313451963 53756395 478193791
604451120 545629289 607751814
291113489 447974116 506371730
638170290 592159764 953418590
7290824 51751793 139292736
161999141 787248353 793642949
210570787 11788051 599205557
110370356 550896416 613844924
17913843 221731297 282919230
156385991 277584109 411471819
34029624 77180596 77976133
170149784 29920944 186297106
397553639 602129341 795370842
33061242 108408832 214359232
19184816 15488243 69232498
93442528 153874996 813326674
137690942 275463981 400848582
348254646 331569707 480533754
154866787 40111321 160881727
844975884 483955803 941415977
13182439 428506707 530877602
169192407 573559021 674935577
449063091 293584918 922946542
857229525 100142727 939364662
234092936 272461718 325838903
8933554 35956262 174353232
13602747 105483532 131748527
113124193 65610478 116774647
46984752 23180267 90878422
126649303 138604060 156894734
450658047 485218402 634862036
214178243 93396399 314935517
233294576 38002350 426243446
167561763 17474199 876786343
139167720 232775891 649725780
188489607 28044938 198987822
18634891 506849918 888552002
191977582 223999491 412102277
568961639 691774745 790294774
184330371 43021963 760224205
44488482 81735127 117913316
825102554 789708738 834781934
4652078 261438181 290184345
486899433 595660518 777243304
203197094 394540251 684232499
556252082 446010711 767023501
11724733 9778484 73697004
13397270 92199693 156061648
348345086 619202532 926783969
80969779 78194308 165370370
61325924 43003245 447777341
136096540 75634308 326048528
55729405 157602187 167254412
190353444 255623379 789420899
139912281 453539349 528603301
143273518 48055796 324463762
203146112 405560263 751852335
105288810 454402902 790357817
54014752 9498460 176583156
 
