49
0 0
1 0
0 1
1 1
100 200
999999999 888888888
123456789 987654321
1000000000000000000 0
0 1000000000000000000
1000000000000000000 1000000000000000000
500000000000000000 500000000000000000
333333333333333333 666666666666666666
123123123123123123 321321321321321321
999999999999999999 1
1 999999999999999999
111111111111111111 222222222222222222
777777777777777777 111111111111111111
987654321098765432 123456789012345678
123456789012345678 987654321098765432
10000000000000000 10000000000000000
88888888888888888 99999999999999999
7654321 1234567
500 500
999999999999999999 999999999999999999
500000000000000001 500000000000000000
0 999999999999999999
123456789 123456789
100000000000000000 200000000000000000
222222222222222222 111111111111111111
135791357913579135 246802468024680246
864209864209864209 753197531975319753
147258369147258369 963852741963852741
987987987987987987 123123123123123123
10 10
123456789012345678 123456789012345678
999999999 0
0 999999999
111222333444555666 666555444333222111
102030405060708090 908070605040302010
999999999999999998 1
1 999999999999999998
111111111111111110 111111111111111110
222222222222222222 0
0 222222222222222222
555555555555555555 555555555555555555
999999999999999000 999999999999999999
0 2
5 10
5 6
